830042975371132968
830042981611733053
830043011450011678
830042986192568331
830042988511494180
830042987756912640
830042990240071690
830042998166388777
830042982043746334
830042976922632212
830043010267611136
830042975643762688
830042983276609577
830042990817837066
830042991006973963
830043014473973760
830042975093784637
830042998472704010
830042981239226418
830043005561602128
830042992953917440
830043001119178753
830042988859228220
830042998725148672
830043014855786516
830042976041304075
830043000812863519
830042983218282496
830043000860180532
830042990029307915
830043010024210492
830043007225954314
830042974494392330
830043010967404545
830043006148411433
830042981611339777
830043014910967858
830042976319307776
830042981338972210
830043011274375188
830042997537112064
830043016273461328
830043006496800791
830043010733310003
830042988947308564
830043012838457385
830042996304511036
830042986926178304
830042972245458974
830042998338355230
830043006168989708
830042977878671400
830043008975110184
830042988771409940
830043005557276762
830042975349375068
830043016819114004
830043002801750046
830042980504567828
830042997290434561
830042981520244808
830042997877375007
830042991674261515
830042987555061781
830043007067750462
830042980059709480
830043010423062569
830042983486717982
830042988847431690
830042974636867584
830042980165484554
830042971592196168
830043016777170994
830042975501418526
830042971890122764
830043016383299636
830043008946012171
830043001203982386
830042989820772352
830042981297029160
830042988507430922
830042997566603274
830043005674061875
830043008262340640
830043002764001310
830042991056912425
830042992139567154
830042990008336414
830043006052073493
830043001232556072
830042997155430410
830043010586247239
830042980089987082
830043010359492628
830042978419605525
830043005612195843
830043011777298452
830043006031495188
830043002093305866
830043011597598801
830043002788380702
830042981129257011
830043002617593886
830042983377666048
830042992122527774
830042975610208306
830043008879689738
830042990352400424
830042970501021729
830043012196728862
830043005679304704
830042989869924392
830042972266430484
830043012620222485
830043016797487144
830042981292834858
830042971100545034
830042975152635937
830042987576688680
830042971683946547
830043018345709578
830042983259832330
830042991765749771
830042974674616321
830043005578510346
830042976231227392
830043001874677783
830042998024437790
830043014092816394
830042970828308520
830042975244910603
830042970346356757
830043001983598642
830043002411155487
830042975538642945
830042989815791627
830042980151984138
830042979946201099
830042981448548392
830043014528368721
830042986238836756
830042974250467370
830043018412163162
830043007595446302
830043002541047848
830042978772844564
830043002579058708
830043002603831306
830043001668894760
830042998666035230
830043015749566504
830042997886287872
830042971800993822
830042977862418473
830042981469782066
830043010472345600
830042979829678091
830043010364080179
830042983259701289
830043006082088962
830043008203489330
830043002788642876
830042989157285949
830042971407777793
830043005460152350
830043009827471411
830042970492895233
830043016794341396
830043006064132176
830042989166329856
830042987622694943
830042987693604864
830042981607669760
830042975815073896
830042991397699615
830043008312541224
830043000784683029
830042981548818453
830043005284122646
830043009990787083
830042974440128532
830043009222443029
830042972174942258
830042982274039808
830043012548657172
830042990768554035
830042987458854962
830042983125483541
830042971549859901
830042979833872424
830043016718581811
830043012301324288
830042991644639263
830042974028955679
830043009374355497
830043015983661076
830042990403780628
830042996229013524
830042989510393877
830043007251251222
830043005800415252
830042981314068570
830043006429822976
830042970895155240
830043017380364298
830043002504347678
830042976923287552
830042983381860392
830043010003501116
830042974489673758
830043009948319804
830043015975534592
830042983273332808
830043012175888434
830042987501191188
830042981725634591
830042997407088700
830042986561667082
830043014721699931
830042978306490378
830042991846228008
830042981439897610
830042971364917279
830042985764487189
830043011878617099
830043015619936257
830042991828795422
830042996475953163
830043010058027048
830043009034878987
830042971537014785
830042987861770261
830042981255610378
830042992088973382
830043000783503402
830043008036372480
830042992567910410
830043010280587294
830042983453294592
830042997386641428
830043001203851295
830043016202813471
830043016789491742
830042981419057202
830042974439997500
830042970761854996
830042996329414676
830043006195073034
830042975055642635
830042987504468008
830043001682001960
830042994396626944
830042996439384134
830042987559125003
830042981255217163
830042975551094834
830042998464446484
830043018273882142
830043008216334336
830043017050193940
830043001123241994
830042976788414475
830042981339758623
830042998502195200
830042993829347348
830042986339500032
830043000926634056
830043011466526760
830042976351944704
830043016600748113
830042976494944256
830042971528626188
830042972112027688
830042999391780874
830042987303927818
830042981376589824
830042995834355724
830042983218675713
830042972190933035
830042971671625729
830043012004446299
830043005658071100
830043010016083988
830043015065108490
830042986167271444
830042997726642197
830042988478595082
830042983059030078
830042971902312468
830043015669350441
830042991082471465
830042974523883530
830043001698517072
830042976385368116
830043002017546240
830042975715328001
830042986401497110
830042988948357140
830043009076559892
830042989425459201
830043015195918347
830042976843464705
830043017187950642
830043008598409247
830043010392653914
830042992638689331
830043001732071424
830043016747286528
830043014831144960
830042996354711583
830042987417174017
830043014905724939
830043015653490720
830042987756257280
830043014842941461
830042987823104010
830042993603772446
830042988670484490
830042980173217792
830043001031753768
830042970975109130
830043018403774464
830042971797585940
830042975508758568
830043001706512415
830043014864175134
830043000813912065
830043000075845655
830042986984243241
830042971767570432
830042992995467275
830043001736134686
830042990427897907
830043001170165761
830042974511300638
830042991682125864
830042996896563208
830042976805584926
830043010380464148
830042989849214996
830042989857996822
830043001250250782
830043013748097025
830042979988537364
830042998476767312
830042997827436645
830043001434144820
830042971067645972
830043002214416394
830042983532462080
830042993858707497
830042983856341002
830042998511370315
830043012436459580
830042980017766411
830042992760193084
830042991955017768
830042974494130186
830043012963762226
830042981360467999
830042989753139221
830042979720626207
830042993162846228
830042970887421963
830043001602572298
830042997298429973
830042974528077864
830042972337733672
830042978877833267
830043009776484372
830042980114497596
830043012967956513
830042987920228422
830043014059655238
830042971277492246
830042981359812648
830043017145876500
830043002332381184
830042975962791968
830042986754736138
830042988457099274
830043016789229600
830042997956804609
830042996773879899
830043005762797610
830042990864105572
830043010342846524
830042981381832725
830043006761304100
830043012855889920
830043011370844241
830043007696896030
830042999273947146
830043018303111199
830042979707650088
830042987446009856
830042996476870696
830043005309943840
830043009423769611
830043006114594826
830042983306756117
830042992369991750
830043005733961728
830043008216334346
830042983373471754
830043012284284938
830042993305059369
830042977229209601
830043018366550067
830042975395381268
830042997390442537
830043015992049725
830042980332339231
830042976893534248
830042971877408808
830043014507397210
830043013039652866
830042990889533472
830043002625851412
830042983290241024
830042993867751454
830043011127705651
830042991816343592
830043014746865705
830043002557825084
830042976892747776
830043018114629664
830043001102532620
830042980215816192
830043001190875168
830042983109361705
830042986473455627
830042998208987168
830042974922473472
830043016781365278
830042999207624734
830042987554930688
830043001165578300
830042971911094272
830043016987017236
830042992559390780
830042971020722206
830043007893110825
830042991368470549
830042978466529341
830042999194255379
830042986900881418
830042997257011250
830043014797721621
830042972350971984
830043007926665257
830042983188922408
830043010347565116
830043018400104448
830042988368494633
830043015196180500
830043011697344512
830043014226378763
830042971125973002
830043001513967667
830042992387162123
830042981821055006
830043001140412426
830042981314592768
830042994018353172
830042997021474837
830043002558218290
830042970844692480
830042997236170842
830043016659337258
830042988951502858
830043015027884037
830043014444482600
830042982072844369
830042974431084595
830043006535073792
830042997378383892
830042981028462593
830043005691756574
830042996384464927
830042998661578773
830042987568169022
830042998229565450
830043018849419264
830042992487694336
830043015103905823
830042975119343647
830042971474100295
830043018454892544
830042972384002108
830042983386578964
830042986116677662
830042998628155412
830043007540527104
830042996983857212
830042974619959306
830043007591120896
830043016474787862
830042979736879114
830042972296052736
830042976301744178
