830036342955835403
830043824042016769
830043044215652455
830043036679012424
830043033084231732
830043028563558426
830043028559364117
830043028516896838
830043028453457991
830043028390543372
830043028147929088
830043027623903273
830043027057410068
830043025077043210
830043018869473301
830043013920456783
830043013585698838
830043012598988821
830043012474208327
830043012443799593
830043012175888444
830043001954369556
830043001949650994
830043001690259507
830043001254051860
830042998133489724
830042996744388659
830042993348182016
830042993205182494
830042993183817768
830042993137418260
830042993134272532
830042993075159040
830042992911319040
830042992848797706
830042992780902450
830042992773431357
830042992764780575
830042992723099688
830042992718118912
830042992701603911
830042992698064956
830042992689020938
830042992676831232
830042992633970699
830042992597139474
830042992446275647
830042992433168445
830036506886012961
830036637530062880
